6373
39949
22821
64405
37681
15288
19175
61258
19014
32449
35932
55298
50840
36448
14131
31451
4489
19288
48789
54753
38215
8914
43999
30394
37462
57456
55418
59452
58638
32526
65510
65011
6939
22795
63880
44620
38083
17519
40343
57097
49969
10739
46860
35273
47187
60991
1188
51676
14744
49978
40894
52959
58892
19357
17817
30819
11277
7699
24735
4379
40225
24709
3855
47164
47504
2199
26248
20051
19719
1055
11613
4152
11794
58473
39425
58981
53928
40613
45122
3136
25055
20480
56095
18412
39837
8376
49231
51114
16075
8430
55493
56300
33140
59348
37928
15108
61548
64177
35160
15731
65232
46773
19883
11491
39710
59308
4936
28102
34385
50058
31239
59441
5002
21798
12317
44839
30175
61548
30417
46250
4442
20375
37015
37582
14187
9407
52691
10199
8048
22315
25930
7745
3552
45813
19236
43262
39585
24172
5828
8435
8695
37067
2340
13697
58866
14657
58537
23505
10669
23418
4219
15111
43793
41234
52694
57981
50642
39849
2644
58690
62164
28575
899
180
8852
20135
43442
48438
44308
49270
56873
53003
20802
59213
1164
14132
8334
59701
37637
19003
17584
41856
34114
61377
17555
21272
53822
2661
61121
56467
61351
57749
19506
62251
57929
28358
16850
35835
11260
61158
19570
2597
48625
40372
61810
49790
54504
4608
43955
26605
23611
61539
2925
57726
57381
20480
13462
45667
23141
9048
36598
18957
1261
56104
15672
59191
18927
32522
29490
30187
28145
49060
32785
11234
23896
29059
61024
12864
33668
39444
39469
57279
35447
42395
49469
27292
62875
62932
7424
20481
6444
44022
39438
7705
34591
55110
1360
53518
22096
30851
18169
50241
14375
50954
61476
38272
14478
56964
51136
48146
30872
25070
39889
784
1929
23823
28076
64804
21219
35500
19749
27663
13987
59187
35368
48578
48761
36729
36560
5322
2044
54729
55563
16419
40148
51503
54691
54626
42932
40292
37236
8268
65362
11589
9052
1755
35412
37129
1023
56631
7093
20773
18758
21080
14424
54127
4122
63186
25320
40682
2972
27364
29876
58535
43783
4488
44503
32939
59114
21899
7695
30814
30167
7521
42403
39220
9276
12280
10813
10299
3375
17906
31072
22134
38987
45497
10725
43109
43147
36045
18256
46119
63409
48132
39118
41656
52620
18085
9059
46198
39984
16754
11476
4616
24275
53879
43836
33551
623
54649
43851
3999
7019
9387
26133
46006
54884
36858
23580
32495
7367
41836
13078
5240
24432
52197
46896
11516
4746
55956
57714
44731
7174
3654
49347
31450
57533
27647
65001
58157
16760
43316
62156
23779
52704
22753
4250
42052
59611
27830
9012
1442
4130
22090
6682
28562
8751
53578
40078
13498
43998
32256
58229
51173
35910
42040
17087
27907
4151
16552
20528
20911
59869
17148
44690
47037
39901
48940
23553
33976
11234
32565
35418
15364
54656
42100
43926
63407
30143
18468
11369
8605
50724
4062
59778
21098
46102
11329
49006
50253
27882
3998
5628
22215
21147
50319
3716
61048
33723
27269
29489
44958
59835
64907
60322
48955
41472
38713
46826
6079
57181
58196
14684
42370
62258
8927
63468
42825
20256
46938
27542
48138
50937
33171
4817
6548
17954
8533
2060
51677
35803
31549
31099
30102
30921
25886
13521
6857
64599
60347
12936
56244
53007
27620
33078
49730
36547
31011
27019
56804
12413
54561
39406
63350
22196
44224
4362
40150
52757
6423
26292
23024
37972
57391
53126
3357
17741
1111
10214
16804
61459
23150
7513
48930
50771
40591
33124
21782
6066
60143
13050
18480
49169
52457
16294
5829
31145
20657
45980
18366
27080
6736
41391
65052
64127
28981
2874
16333
30093
13088
33137
26016
36239
40650
9410
21474
15706
42535
43256
21772
37142
56307
40252
20775
43228
56547
26605
8837
11668
7049
27203
38748
13785
3058
38264
12376
32040
41138
28709
62133
54227
61847
22613
24930
36961
32023
46404
52667
9022
24124
8904
46165
14895
49156
1404
58123
40167
28009
1424
51835
35058
28628
25047
48843
31686
63312
61220
63726
38914
24393
60323
27605
20704
17400
52535
57666
49424
33403
44797
58446
57528
53701
39075
6887
37322
40480
65011
11953
2953
899
63789
38012
29527
23300
21319
61214
21076
17003
59404
59991
41397
54192
22060
62101
6056
9060
54231
55480
42463
33493
48391
34455
21658
21930
41343
58980
62410
40818
5398
65364
41717
3651
37840
5709
26951
59159
1387
48028
10627
60791
42483
52024
49447
64543
48589
55504
8067
37285
45448
50531
5242
28303
19450
26900
50234
60793
20345
47108
36075
25743
46936
12257
29394
19240
17966
56345
12864
19353
38837
23491
14608
15784
9979
64056
14792
58568
54024
22859
30317
33936
7854
35559
62240
27305
62460
46938
22562
17269
28510
58638
43012
9911
5359
6870
29151
23325
63215
42015
42678
36517
65506
57286
52301
9949
55806
1557
2982
44294
24417
33299
12695
32271
3323
9399
59576
247
56337
16603
17516
19311
9705
60528
29222
15064
1862
58374
38389
65077
34853
15531
36058
34824
7281
22824
44773
63088
24381
47755
41846
48798
15519
54541
15534
18842
63940
9574
19089
54741
26177
36605
8517
35882
31597
37739
50946
33459
30577
23799
33000
65431
39330
3523
34719
46612
26347
13956
44164
50728
61712
20474
33991
11695
9480
49525
30537
7884
59099
49626
62626
19741
20695
5607
55623
52292
43346
41034
20215
8388
64833
53215
8283
38628
56738
43002
19704
17549
56958
63868
2742
53134
18806
36733
64829
28286
20722
29830
36171
14285
13920
33261
34026
34615
38868
24114
21371
16678
65148
41586
25066
64445
29266
33349
37537
20468
10815
57241
38018
2238
55573
40760
55372
8844
11957
54666
37130
32679
18960
7765
46964
32881
41026
15455
1960
14358
39569
23332
31037
39181
64918
56103
38090
28648
23917
10092
49117
34732
1797
21599
36970
57371
62359
26807
679
8780
15937
37809
41459
34897
45575
22887
2242
21065
38342
4203
35424
12375
27535
925
51556
26917
57028
24111
55566
15409
34203
39147
50142
36000
60746
21576
27835
57569
48383
28514
813
64320
788
42272
33682
46363
65159
35924
1892
37966
40127
37316
50341
2126
38241
36362
29044
29734
60473
19074
45143
29140
58221
29749
65140
53431
51326
27440
45464
34173
55954
46277
32958
56742
23013
1104
37569
22636
37028
39462
60602
11620
11242
45408
13746
49484
16234
42790
13682
11171
61864
58825
40311
54549
23039
39915
